Stock growth:
 CDLX: 0.22652663035947707%
  PBYI:0.16851337414489181%
 YELP:0.0%

